 -1.0985624e-001
  6.3552877e+000
  2.6700918e+001
  2.9624904e+001
  1.4061875e+001
  5.2949662e+000
 -3.2244565e+000
 -1.4488408e+001
 -2.0502014e+001
 -2.3719135e+001
 -2.5562037e+001
 -2.2287641e+001
 -1.5612154e+001
 -8.5617286e+000
 -1.5156668e+000
  4.3512659e+000
  7.8791744e+000
  9.3876454e+000
  8.4290224e+000
  4.2359407e+000
 -2.0447738e+000
 -7.9490821e+000
 -1.2052154e+001
 -1.4407117e+001
 -1.4191279e+001
 -1.0420957e+001
 -3.8931302e+000
  3.9852084e+000
  1.1716447e+001
  1.7796149e+001
  2.1688964e+001
  2.3482216e+001
  2.3095355e+001
  1.9826689e+001
  1.3199986e+001
  4.4657128e+000
 -3.9470736e+000
 -1.0281240e+001
 -1.4562610e+001
 -1.7529660e+001
 -1.8732494e+001
 -1.6487593e+001
 -1.0057211e+001
 -8.6621392e-001
  8.2476370e+000
  1.4762589e+001
  1.8021335e+001
  1.8397494e+001
  1.5763494e+001
  1.0195683e+001
  2.6075870e+000
 -5.5040401e+000
 -1.2559053e+001
 -1.6838383e+001
 -1.7383234e+001
 -1.3706147e+001
 -5.9937673e+000
  3.2393033e+000
  1.1248763e+001
  1.7206765e+001
  2.0554311e+001
  2.0714080e+001
  1.7994186e+001
  1.2515409e+001
  4.5526950e+000
 -4.3482610e+000
 -1.2226036e+001
 -1.8340685e+001
 -2.1921822e+001
 -2.1327774e+001
 -1.6069134e+001
 -7.4471278e+000
  2.1744764e+000
  1.0306579e+001
  1.5238200e+001
  1.6930456e+001
  1.5582703e+001
  1.1062856e+001
  4.6499688e+000
 -2.2073356e+000
 -9.2335245e+000
 -1.6182472e+001
 -2.2040230e+001
 -2.5912957e+001
 -2.7924447e+001
 -2.8633617e+001
 -2.8184412e+001
 -2.6070675e+001
 -2.0644706e+001
 -1.0046641e+001
  3.0457411e+000
  1.4073551e+001
  2.2027945e+001
  2.6642375e+001
  2.6741821e+001
  2.2549336e+001
  1.4977120e+001
  4.4802596e+000
 -5.3357190e+000
 -1.1347862e+001
 -1.3179285e+001
 -7.9631120e+000
  2.9397661e+000
  1.4612168e+001
  2.5278056e+001
  3.2721666e+001
  3.5936441e+001
  3.6327812e+001
  3.3470372e+001
  2.6342243e+001
  1.5726827e+001
  2.6767592e+000
 -1.1487245e+001
 -2.4477753e+001
 -3.4454258e+001
 -4.0694993e+001
 -4.1567188e+001
 -3.5789736e+001
 -2.4814533e+001
 -1.1235942e+001
  2.3460537e+000
  1.3190330e+001
  2.0353790e+001
  2.3769947e+001
  2.2901767e+001
  1.7747355e+001
  9.0568384e+000
 -1.7317472e+000
 -1.2934117e+001
 -2.2699725e+001
 -2.8657557e+001
 -2.8613960e+001
 -2.2210696e+001
 -1.0668318e+001
  3.3574179e+000
  1.5783628e+001
  2.4362086e+001
  2.9369357e+001
  3.0536191e+001
  2.7095299e+001
  1.9534957e+001
  8.9333905e+000
 -3.6710505e+000
 -1.6182916e+001
 -2.6608322e+001
 -3.3666736e+001
 -3.4600278e+001
 -2.7596263e+001
 -1.4976530e+001
 -1.1513732e+000
  1.0983489e+001
  2.0134133e+001
  2.5302277e+001
  2.6076362e+001
  2.2562328e+001
  1.5503164e+001
  6.7484779e+000
 -3.7852410e+000
 -1.6320648e+001
 -2.8054264e+001
 -3.7035273e+001
 -4.1839716e+001
 -3.8701837e+001
 -2.5341454e+001
 -5.2313941e+000
  1.4856034e+001
  3.0510217e+001
  4.0384159e+001
  4.3966965e+001
  4.1534640e+001
  3.4394487e+001
  2.4151670e+001
  1.1857060e+001
 -1.8567662e+000
 -1.5084609e+001
 -2.5443993e+001
 -3.0857305e+001
 -2.8892394e+001
 -1.7704592e+001
 -9.3754129e-001
  1.3100072e+001
  2.1669084e+001
  2.6826774e+001
  2.7854255e+001
  2.3949522e+001
  1.6863242e+001
  8.0908081e+000
 -1.0102406e+000
 -1.0646059e+001
 -2.3543976e+001
 -3.8010984e+001
 -4.7930876e+001
 -5.0008706e+001
 -4.1267683e+001
 -2.1568021e+001
 -4.3793194e-001
  1.4740578e+001
  2.5538782e+001
  3.2037149e+001
  3.2429443e+001
  2.7915736e+001
  2.0157163e+001
  1.0856782e+001
  3.0243165e-001
 -1.3065721e+001
 -2.7509955e+001
 -3.7986513e+001
 -4.0751275e+001
 -3.3153399e+001
 -1.5087537e+001
  5.5887841e+000
  2.1087356e+001
  3.1377935e+001
  3.7487414e+001
  3.8110640e+001
  3.3934687e+001
  2.6358526e+001
  1.6541877e+001
  5.8194897e+000
 -6.6131195e+000
 -2.0514214e+001
 -3.1581708e+001
 -3.4381344e+001
 -2.6629257e+001
 -1.1694656e+001
  4.0285647e+000
  1.6241821e+001
  2.3837557e+001
  2.6561288e+001
  2.4276604e+001
  1.7719875e+001
  8.7646596e+000
 -1.9095710e+000
 -1.4915120e+001
 -2.8066500e+001
 -3.6889191e+001
 -3.7399944e+001
 -2.8633736e+001
 -1.4056777e+001
  1.4702387e+000
  1.4675832e+001
  2.3838983e+001
  2.8224298e+001
  2.7942124e+001
  2.3240603e+001
  1.5019675e+001
  5.0306187e+000
 -6.3832219e+000
 -1.8821400e+001
 -2.9983783e+001
 -3.5801934e+001
 -3.2174360e+001
 -1.9884016e+001
 -4.1948755e+000
  1.0485486e+001
  2.1622123e+001
  2.8219968e+001
  3.0306421e+001
  2.7916231e+001
  2.1481774e+001
  1.2652368e+001
  2.3460502e+000
 -9.7066027e+000
 -2.1561337e+001
 -3.0722008e+001
 -3.4752717e+001
 -2.9644234e+001
 -1.5051669e+001
  2.3434221e+000
  1.6370538e+001
  2.5724506e+001
  3.0428420e+001
  3.0245193e+001
  2.5597051e+001
  1.7859254e+001
  8.7013604e+000
 -2.3174235e+000
 -1.6184928e+001
 -3.0146120e+001
 -4.1062166e+001
 -4.6147482e+001
 -4.0225211e+001
 -2.2726615e+001
 -1.0223857e+000
  1.7673722e+001
  3.0837423e+001
  3.8623201e+001
  4.1501855e+001
  3.9063638e+001
  3.1371981e+001
  2.0634402e+001
  9.1052469e+000
 -4.4381513e+000
 -2.0858179e+001
 -3.6496007e+001
 -4.7461031e+001
 -4.8043923e+001
 -3.4324859e+001
 -1.2879138e+001
  6.7224546e+000
  2.1399244e+001
  3.1245529e+001
  3.5823732e+001
  3.5171128e+001
  2.9461663e+001
  2.0242461e+001
  1.0341348e+001
 -6.1127348e-001
 -1.5157118e+001
 -3.0662920e+001
 -4.3253209e+001
 -5.0090295e+001
 -4.5313783e+001
 -2.6867626e+001
 -3.9675817e+000
  1.4321719e+001
  2.7335751e+001
  3.5035788e+001
  3.6235538e+001
  3.1478052e+001
  2.2613576e+001
  1.2150688e+001
  7.9433659e-001
 -1.4056992e+001
 -3.1759154e+001
 -4.6960318e+001
 -5.4589983e+001
 -4.7726153e+001
 -2.2943985e+001
  7.3912888e+000
  3.0268033e+001
  4.3917250e+001
  5.0608173e+001
  5.1108278e+001
  4.5247393e+001
  3.4665120e+001
  2.2329699e+001
  9.5213058e+000
 -6.0939411e+000
 -2.4667988e+001
 -4.1248627e+001
 -5.1158376e+001
 -4.9379682e+001
 -3.1288498e+001
 -5.2093753e+000
  1.5385581e+001
  2.7357516e+001
  3.3624835e+001
  3.4939717e+001
  3.0336737e+001
  2.1260433e+001
  1.0878958e+001
  3.5630026e-001
 -1.3025548e+001
 -2.9181433e+001
 -4.3248658e+001
 -5.3042644e+001
 -5.6080263e+001
 -4.4253904e+001
 -1.8463347e+001
  7.6939250e+000
  2.6836539e+001
  3.9371973e+001
  4.5158229e+001
  4.5013698e+001
  3.9429280e+001
  2.9441775e+001
  1.8465930e+001
  7.8266808e+000
 -5.9183948e+000
 -2.2857213e+001
 -3.7965241e+001
 -4.8093537e+001
 -5.0702337e+001
 -3.9368018e+001
 -1.5530911e+001
  7.9554989e+000
  2.4084641e+001
  3.3327869e+001
  3.6972153e+001
  3.5356031e+001
  2.8079088e+001
  1.7399266e+001
  6.4031152e+000
 -6.2765532e+000
 -2.1267351e+001
 -3.5203470e+001
 -4.4508277e+001
 -4.5717512e+001
 -3.3944492e+001
 -1.0802613e+001
  1.1902897e+001
  2.7624198e+001
  3.7558506e+001
  4.2087682e+001
  4.1173550e+001
  3.4771841e+001
  2.4102425e+001
  1.2640215e+001
  9.5408723e-001
 -1.3108251e+001
 -2.8244354e+001
 -4.0813746e+001
 -4.8490103e+001
 -4.7942232e+001
 -3.2984987e+001
 -7.9019612e+000
  1.4325902e+001
  2.8884007e+001
  3.7341899e+001
  4.0209063e+001
  3.7229569e+001
  2.9327637e+001
  1.9147535e+001
  9.4918898e+000
 -1.3408144e+000
 -1.6569904e+001
 -3.3580464e+001
 -4.7383910e+001
 -5.5319703e+001
 -5.3356131e+001
 -3.5437726e+001
 -6.4676407e+000
  1.9673681e+001
  3.7413299e+001
  4.7250616e+001
  4.9552190e+001
  4.5928264e+001
  3.7036979e+001
  2.4686654e+001
  1.2677120e+001
  1.0545743e+000
 -1.3491396e+001
 -2.9717035e+001
 -4.2883550e+001
 -5.0405077e+001
 -4.8597039e+001
 -3.1832709e+001
 -6.8954722e+000
  1.3133969e+001
  2.4971130e+001
  3.1129169e+001
  3.1966703e+001
  2.7271803e+001
  1.8889642e+001
  8.9353542e+000
 -2.9751302e+000
 -1.7814528e+001
 -3.2648461e+001
 -4.4564142e+001
 -5.2513568e+001
 -5.0840315e+001
 -3.4068736e+001
 -6.6160661e+000
  1.9637763e+001
  3.8020299e+001
  4.8475068e+001
  5.1727566e+001
  4.9279782e+001
  4.1601064e+001
  2.9365208e+001
  1.5205299e+001
 -2.4496361e-001
 -1.6150353e+001
 -2.9644469e+001
 -3.9501251e+001
 -4.5008937e+001
 -4.3897566e+001
 -3.2292354e+001
 -1.1413766e+001
  1.0041184e+001
  2.6412019e+001
  3.6233168e+001
  3.9365371e+001
  3.7421102e+001
  3.1442924e+001
  2.2223912e+001
  1.1197287e+001
 -1.8771220e+000
 -1.7214270e+001
 -3.2021529e+001
 -4.3541417e+001
 -4.9128978e+001
 -4.4116120e+001
 -2.6570474e+001
 -2.1627501e+000
  1.8746364e+001
  3.1452745e+001
  3.8728316e+001
  4.1351329e+001
  3.7691600e+001
  2.8723534e+001
  1.7123604e+001
  3.8908346e+000
 -1.0677183e+001
 -2.4295792e+001
 -3.5088134e+001
 -4.2418394e+001
 -4.3739195e+001
 -3.5711508e+001
 -1.9465605e+001
 -1.1409981e+000
  1.3416280e+001
  2.2828553e+001
  2.8179654e+001
  3.0179099e+001
  2.9883660e+001
  2.4336302e+001
  1.6609828e+001
  5.8834191e+000
 -2.6016092e+000
 -2.0158927e+001
